NAME: LDG30_1265_rain_30_0001
COMMENT: CVRP with travel times.  rootPos=1,custPos=2,demandType=6,avgRouteSizeIndex=5,weather=rain,lambda_cluster=1,lambda_random=4, T1=300,T2=700,beta=1, alpha(i,j) ~ U(0.8,1.2)
TYPE: CVRP
DIMENSION: 31
EDGE_WEIGHT_TYPE: EXPLICIT
EDGE_WEIGHT_FORMAT: FULL_MATRIX
CAPACITY: 899
NODE_COORD_SECTION
1 601 128
2 782 239
3 244 97
4 214 16
5 116 18
6 238 53
7 888 226
8 910 107
9 811 94
10 178 90
11 959 48
12 834 32
13 774 350
14 59 194
15 770 169
16 850 104
17 898 7
18 711 220
19 826 128
20 720 119
21 944 71
22 160 1
23 224 65
24 937 132
25 119 30
26 701 90
27 808 51
28 940 204
29 105 147
30 804 102
31 795 136
EDGE_WEIGHT_SECTION
0.00 280.71 578.27 593.38 743.18 509.64 464.78 397.37 290.53 633.57 479.89 391.04 386.78 830.18 294.61 334.52 452.00 191.70 346.26 213.18 438.52 699.02 563.40 424.64 733.78 302.83 336.00 418.43 710.84 269.51 314.43
280.71 0.00 750.57 813.76 957.75 730.02 192.34 361.11 233.11 853.95 322.65 316.39 221.93 1051.43 117.60 266.84 394.80 89.01 231.00 209.79 291.58 919.40 783.78 287.05 924.86 299.44 278.79 309.40 932.09 212.10 167.18
578.27 750.57 0.00 145.59 218.20 68.63 851.09 826.06 649.37 137.68 838.73 784.95 828.01 384.35 764.46 693.36 808.55 661.56 705.10 754.10 797.37 235.66 73.15 834.12 185.30 664.45 737.07 867.69 270.71 670.38 715.30
593.38 813.76 145.59 0.00 207.37 83.74 927.59 902.56 725.87 137.93 915.23 816.40 973.60 345.26 706.30 769.86 823.65 724.74 781.60 614.11 873.87 123.96 72.44 910.62 174.47 703.76 813.57 944.19 225.92 746.88 740.79
743.18 957.75 218.20 207.37 0.00 233.54 996.20 971.17 794.48 161.74 983.84 854.78 1023.47 221.92 840.16 838.47 963.32 868.97 850.21 821.47 942.48 114.01 203.27 979.23 32.90 766.61 882.18 1012.80 171.57 815.49 824.80
509.64 730.02 68.63 83.74 233.54 0.00 860.55 894.69 718.00 123.93 886.37 774.09 896.42 321.41 743.91 761.99 739.91 641.01 773.73 697.84 866.00 189.38 53.76 895.32 224.14 733.08 805.70 919.32 202.08 739.01 712.45
464.78 192.34 851.09 927.59 996.20 860.55 0.00 224.54 201.72 948.10 278.05 265.78 358.64 1083.36 259.40 234.15 247.45 281.36 145.99 313.49 236.68 948.15 914.31 148.05 1001.71 295.56 240.19 117.06 1062.63 222.74 209.82
397.37 361.11 826.06 902.56 971.17 894.69 224.54 0.00 176.69 944.68 110.90 214.31 307.41 1027.21 255.98 132.70 209.95 358.88 142.57 288.46 69.53 936.59 899.21 76.49 998.30 284.00 167.79 131.63 983.93 166.59 206.40
290.53 233.11 649.37 725.87 794.48 718.00 201.72 176.69 0.00 787.05 189.37 142.75 350.27 881.64 115.52 43.99 168.84 218.42 55.73 111.76 148.00 791.02 722.52 184.75 827.37 138.43 87.70 218.33 895.22 21.01 65.94
633.57 853.95 137.68 137.93 161.74 123.93 948.10 944.68 787.05 0.00 976.41 786.97 965.69 311.53 844.23 831.04 863.85 764.94 802.10 752.04 935.05 185.10 126.51 931.12 128.84 802.13 842.02 996.79 192.19 808.06 836.38
479.89 322.65 838.73 915.23 983.84 886.37 278.05 110.90 189.37 976.41 0.00 253.60 418.31 1071.01 301.44 232.43 146.46 404.34 212.61 301.13 41.37 980.39 911.89 130.00 1016.74 327.80 224.50 242.53 1083.66 210.38 251.86
391.04 316.39 784.95 816.40 854.78 774.09 265.78 214.31 142.75 786.97 253.60 0.00 414.33 982.36 203.58 102.64 122.83 265.59 119.79 254.51 260.08 891.75 827.85 248.81 887.68 239.15 55.05 276.97 913.20 121.74 156.95
386.78 221.93 828.01 973.60 1023.47 896.42 358.64 307.41 350.27 965.69 418.31 414.33 0.00 1212.35 284.06 382.70 504.75 295.99 294.54 376.25 376.94 983.32 901.16 383.90 1013.31 330.73 388.74 396.32 1097.62 371.29 333.64
830.18 1051.43 384.35 345.26 221.92 321.41 1083.36 1027.21 881.64 311.53 1071.01 982.36 1212.35 0.00 955.13 925.63 1043.32 962.42 937.37 959.37 1029.64 335.93 311.19 1066.39 254.81 978.04 927.32 1099.97 119.34 860.62 905.55
294.61 117.60 764.46 706.30 840.16 743.91 259.40 255.98 115.52 844.23 301.44 203.58 284.06 955.13 0.00 159.51 277.20 102.91 113.40 92.19 260.07 830.26 778.74 232.45 807.26 181.85 161.19 256.46 932.22 94.50 49.58
334.52 266.84 693.36 769.86 838.47 761.99 234.15 132.70 43.99 831.04 232.43 102.64 382.70 925.63 159.51 0.00 212.84 262.42 88.16 155.75 191.06 835.02 766.51 150.68 871.37 182.42 131.70 174.33 851.23 65.01 109.93
452.00 394.80 808.55 823.65 963.32 739.91 247.45 209.95 168.84 863.85 146.46 122.83 504.75 1043.32 277.20 212.84 0.00 380.11 210.20 258.32 159.24 898.17 793.67 247.87 964.05 245.58 116.01 341.57 941.99 182.70 227.62
191.70 89.01 661.56 724.74 868.97 641.01 281.36 358.88 218.42 764.94 404.34 265.59 295.99 962.42 102.91 262.42 380.11 0.00 216.31 154.70 362.97 830.39 694.77 335.36 846.86 244.35 264.10 308.52 843.08 197.41 152.49
346.26 231.00 705.10 781.60 850.21 773.73 145.99 142.57 55.73 802.10 212.61 119.79 294.54 937.37 113.40 88.16 210.20 216.31 0.00 167.49 171.24 802.16 778.25 129.02 855.72 149.57 94.20 194.69 939.38 76.74 63.82
213.18 209.79 754.10 614.11 821.47 697.84 313.49 288.46 111.76 752.04 301.13 254.51 376.25 959.37 92.19 155.75 258.32 154.70 167.49 0.00 259.76 738.07 686.54 296.51 788.57 89.65 199.47 330.09 840.03 132.78 126.68
438.52 291.58 797.37 873.87 942.48 866.00 236.68 69.53 148.00 935.05 41.37 260.08 376.94 1029.64 260.07 191.06 159.24 362.97 171.24 259.76 0.00 939.02 870.52 88.63 975.37 286.43 207.95 201.16 1042.29 169.01 210.49
699.02 919.40 235.66 123.96 114.01 189.38 948.15 936.59 791.02 185.10 980.39 891.75 983.32 335.93 830.26 835.02 898.17 830.39 802.16 738.07 939.02 0.00 162.51 931.18 131.69 652.59 836.70 996.85 285.59 770.01 814.93
563.40 783.78 73.15 72.44 203.27 53.76 914.31 899.21 722.52 126.51 911.89 827.85 901.16 311.19 778.74 766.51 793.67 694.77 778.25 686.54 870.52 162.51 0.00 907.27 170.38 737.60 810.22 940.85 222.71 743.53 766.21
424.64 287.05 834.12 910.62 979.23 895.32 148.05 76.49 184.75 931.12 130.00 248.81 383.90 1066.39 232.45 150.68 247.87 335.36 129.02 296.51 88.63 931.18 907.27 0.00 974.77 278.59 223.22 170.85 1001.91 205.77 182.87
733.78 924.86 185.30 174.47 32.90 224.14 1001.71 998.30 827.37 128.84 1016.74 887.68 1013.31 254.81 807.26 871.37 964.05 846.86 855.72 788.57 975.37 131.69 170.38 974.77 0.00 737.30 903.51 998.77 199.63 836.82 791.90
302.83 299.44 664.45 703.76 766.61 733.08 295.56 284.00 138.43 802.13 327.80 239.15 330.73 978.04 181.85 182.42 245.58 244.35 149.57 89.65 286.43 652.59 737.60 278.59 737.30 0.00 184.11 344.26 929.68 117.42 162.34
336.00 278.79 737.07 813.57 882.18 805.70 240.19 167.79 87.70 842.02 224.50 55.05 388.74 927.32 161.19 131.70 116.01 264.10 94.20 199.47 207.95 836.70 810.22 223.22 903.51 184.11 0.00 276.80 968.25 66.69 111.61
418.43 309.40 867.69 944.19 1012.80 919.32 117.06 131.63 218.33 996.79 242.53 276.97 396.32 1099.97 256.46 174.33 341.57 308.52 194.69 330.09 201.16 996.85 940.85 170.85 998.77 344.26 276.80 0.00 1025.56 239.34 206.88
710.84 932.09 270.71 225.92 171.57 202.08 1062.63 983.93 895.22 192.19 1083.66 913.20 1097.62 119.34 932.22 851.23 941.99 843.08 939.38 840.03 1042.29 285.59 222.71 1001.91 199.63 929.68 968.25 1025.56 0.00 916.23 914.52
269.51 212.10 670.38 746.88 815.49 739.01 222.74 166.59 21.01 808.06 210.38 121.74 371.29 860.62 94.50 65.01 182.70 197.41 76.74 132.78 169.01 770.01 743.53 205.77 836.82 117.42 66.69 239.34 916.23 0.00 44.92
314.43 167.18 715.30 740.79 824.80 712.45 209.82 206.40 65.94 836.38 251.86 156.95 333.64 905.55 49.58 109.93 227.62 152.49 63.82 126.68 210.49 814.93 766.21 182.87 791.90 162.34 111.61 206.88 914.52 44.92 0.00
DEMAND_SECTION
1 0
2 29
3 70
4 72
5 77
6 76
7 28
8 8
9 35
10 89
11 42
12 44
13 3
14 67
15 11
16 17
17 48
18 36
19 22
20 49
21 40
22 72
23 68
24 44
25 64
26 15
27 19
28 50
29 97
30 7
31 50
DEPOT_SECTION
1
-1
EOF
